===== Validation Metrics =====
Accuracy: 0.964963
Macro Precision: 0.946390
Macro Recall: 0.938395
Macro F1 Score: 0.938617

Confusion Matrix:
864 11 4 30 0 1 0 0
0 290 10 0 0 0 0 0
0 84 216 0 0 0 0 0
2 9 2 896 0 0 1 0
0 1 4 2 1757 0 0 0
1 3 2 1 0 61 0 0
0 0 0 0 0 0 299 1
0 0 0 0 0 0 1 299


Per-Class Metrics:
Class	TP	TN	FP	FN	Precision	Recall	F1
Buffalo	864	3939	3	46	0.996540	0.949451	0.972425
ELEPHANT	290	4444	108	10	0.728643	0.966667	0.830946
LION	216	4530	22	84	0.907563	0.720000	0.802974
Rhino	896	3909	33	14	0.964478	0.984615	0.974443
Tiger	1757	3088	0	7	1.000000	0.996032	0.998012
black	61	4783	1	7	0.983871	0.897059	0.938462
cat	299	4550	2	1	0.993355	0.996667	0.995008
dog	299	4551	1	1	0.996667	0.996667	0.996667
